0.37503018975257874 
0.6150730848312378 
0.35928675532341003 
0.23054833710193634 
0.2145986109972 
0.24477651715278625 
0.2315477430820465 
0.18345072865486145 
0.2917154133319855 
0.24796335399150848 
0.2957388758659363 
0.2281133085489273 
0.214523047208786 
0.20996814966201782 
0.2047114074230194 
0.18511228263378143 
0.2163299173116684 
0.19351091980934143 
0.18961438536643982 
0.17380699515342712 
0.17231416702270508 
0.1805190145969391 
0.1836056262254715 
0.16896799206733704 
0.15617744624614716 
0.21310915052890778 
0.19746197760105133 
0.18786337971687317 
0.20939302444458008 
0.20604875683784485 
