0 
0 
4 
8 
5 
7 
6 
7 
8 
9 
3 
9 
7 
1 
6 
0 
1 
1 
4 
7 
0 
9 
9 
1 
8 
6 
7 
7 
7 
2 
4 
6 
0 
0 
8 
8 
2 
5 
0 
3 
5 
2 
0 
3 
5 
4 
0 
0 
3 
1 
4 
4 
1 
0 
1 
4 
8 
3 
1 
0 
1 
1 
7 
0 
1 
0 
4 
4 
2 
6 
5 
1 
0 
0 
1 
1 
2 
2 
1 
4 
6 
4 
6 
3 
4 
1 
6 
0 
0 
4 
5 
5 
4 
0 
4 
2 
6 
5 
0 
0 
0 
4 
4 
0 
1 
0 
7 
2 
0 
0 
4 
5 
1 
0 
3 
0 
2 
0 
1 
7 
7 
6 
3 
0 
5 
7 
0 
4 
8 
6 
0 
3 
0 
0 
0 
6 
5 
6 
0 
1 
0 
2 
1 
5 
4 
1 
5 
3 
7 
5 
0 
3 
1 
0 
0 
0 
3 
0 
2 
5 
2 
0 
3 
0 
1 
4 
7 
0 
1 
5 
5 
0 
4 
1 
1 
1 
0 
4 
2 
0 
0 
7 
0 
0 
0 
0 
0 
0 
0 
6 
4 
0 
0 
7 
0 
1 
1 
2 
0 
4 
0 
0 
2 
2 
3 
0 
5 
0 
5 
1 
2 
0 
0 
0 
4 
2 
0 
0 
0 
6 
0 
5 
2 
0 
1 
0 
3 
2 
0 
0 
0 
0 
7 
1 
4 
0 
3 
0 
0 
0 
1 
4 
5 
2 
2 
1 
0 
4 
1 
0 
3 
0 
0 
0 
2 
1 
0 
1 
1 
1 
4 
0 
8 
0 
1 
0 
1 
0 
0 
1 
0 
1 
1 
0 
1 
0 
0 
0 
0 
6 
0 
0 
0 
0 
0 
0 
1 
1 
1 
4 
1 
0 
0 
0 
0 
3 
2 
2 
3 
0 
