0.966906883966288 
0.9391429821277041 
0.9829162740545487 
0.8989954700672015 
0.9332510176521833 
0.9563401685335085 
0.9066368688388998 
0.9362168207566539 
0.9160075609411712 
0.9638711354853138 
0.8936690385400057 
1.0000000000000002 
0.9392556514999024 
0.8684850398260152 
0.9794679963229248 
0.9325004716946801 
0.9513691617354271 
0.9225278171401398 
0.939857934246796 
0.9836929396367661 
0.9035254956151395 
0.926964900838544 
0.9461801201050218 
0.9578090518668908 
0.8637001135558093 
0.8825873789627782 
0.9763536613653491 
1.0000000000000002 
0.9278835600443818 
0.8836717664899749 
0.9854814430643118 
0.9634984452778692 
0.9342546705893146 
1.0 
0.9894881204170289 
1.0000000002698497 
0.9857666406108448 
0.9999999916959194 
0.989263732911776 
0.9764449557422922 
0.9415972252949254 
0.8966624610336054 
0.9999999931024272 
0.9718015959548091 
0.9710147007322228 
0.985162258771521 
1.0 
1.000000000179307 
0.9526728423269502 
0.9419717299462901 
0.9517521902652256 
0.9822984818060249 
0.9855881769933446 
0.9999999999999998 
0.9882201406055064 
0.9806756687235785 
0.9336694522625172 
0.9814135557840851 
0.9917975818037357 
0.9777590826157173 
0.9462004509867509 
0.9325181499652313 
0.9860583866809023 
0.9999999509739882 
0.9602964817502122 
0.8276833643627395 
0.9924502903202708 
0.9612972089358165 
0.9739688930144601 
0.9817138856226434 
0.9788153520459132 
0.9522235462711857 
0.9577212144887052 
0.9368074692477876 
0.9953730226476227 
0.9166272230871619 
0.9413173420717242 
0.9362101626906684 
0.9909800988374361 
0.9758423597342983 
0.9999999563694759 
0.9588038220368229 
0.9529102923278406 
0.964553709298692 
0.9742028847093613 
0.95326175492567 
0.9488815540018758 
0.9830791734729735 
0.9999999907932513 
0.9833417965286594 
0.9856590285267717 
0.9686325581751676 
0.9413541479437704 
0.9932591970903201 
0.9999999890259278 
0.942688700017326 
0.976803725608394 
0.9197191670656052 
0.9886312406676979 
1.0000000000000002 
0.9992229991425021 
0.9755768279893933 
0.9039997112480729 
0.9028661247307938 
0.9341176083523491 
0.9801920450481776 
0.9841410719887331 
0.9999999969350378 
0.9609876549548377 
1.000000001483749 
0.9691191227688024 
0.9728793230440632 
1.0000000002422562 
1.0000000103209934 
0.9996734885728152 
0.9997428525300445 
0.973363062584585 
0.9142460291762957 
0.8994006866126919 
0.9880710128312212 
0.9621529113552969 
0.9909851551564082 
0.9999999982429163 
0.9999999812186968 
0.9757476836670217 
0.9857624900294684 
0.9823766696783369 
0.9927640419807732 
0.9518728353362299 
0.97378580203328 
0.9686898374986461 
0.99999999994899 
0.9908159876539354 
1.0000000001079845 
0.9917330816989378 
0.9913607668320917 
0.9509830681469831 
0.9625271491414376 
0.9556817908200724 
0.9999999749809817 
0.9758215107348729 
0.9330431333868876 
0.9999999912251014 
0.9759433240867906 
0.9922909280684906 
0.9999999999999999 
0.98901634076958 
0.9669152826041381 
0.9696985488513652 
0.9005889489034528 
0.9694335643672648 
0.982844084041469 
0.9999999911004044 
0.951984743091745 
0.989894364269764 
1.0000000000000002 
0.983750864548709 
0.9874790854435238 
0.9919238967477576 
0.9788502109228141 
0.9738722263370935 
1.0000000021645268 
0.9547446870133622 
1.0000000000000002 
0.9888850404842736 
0.9653528763226591 
0.9303697441725352 
0.9999999978476997 
0.9954005616192086 
0.9818717071996313 
0.9207194025633058 
0.9999999999999998 
0.939880873771957 
0.9999999736489108 
0.9881824392908128 
0.9999999466170912 
0.9974333316665391 
0.962253490065462 
0.9671542439368224 
0.9778652172949335 
0.9921877844907103 
0.9399944202017121 
0.9999999569429674 
1.0000000108119838 
0.9999999864787033 
1.0000000024924192 
0.9654082362075677 
0.9966062550599704 
0.9825583639836203 
0.9676362137299674 
0.987281985907398 
1.0000000000000002 
0.9802855708207382 
0.9515999583225851 
0.9804126127288875 
0.9883420113060868 
0.9815831786719771 
0.7789443851099386 
0.9999999926715915 
0.9850680335511591 
0.9999999915150822 
0.9999999330423519 
0.9856356396896402 
0.9999999521731717 
0.951396968068204 
0.990826931892827 
0.9098691037113495 
1.0000000001040852 
0.9802697311811429 
0.9810301919315858 
0.9786022810405379 
1.0000000025867608 
1.0000000000000002 
0.9823038875494086 
0.9769257058838365 
0.980485458242524 
1.0000000000000004 
0.9794027965122905 
0.9801448958706791 
1.0000000014883828 
0.9945784906421887 
0.9797634748112575 
0.852307276857431 
0.9999999777778458 
0.9999999982689345 
1.000000006207955 
0.9999999546076956 
0.8845727597622527 
0.9659036810773659 
0.9999999719504299 
0.9999999965664452 
0.9999999994875547 
0.9747878090005806 
0.9537254691301591 
0.9612629003692803 
0.9596897074774614 
0.9836632706470285 
0.9999999708939994 
0.9999999841749693 
0.9999999818068804 
0.9735653323197713 
0.9776477383229643 
0.9955374279163363 
0.9999999608218657 
1.0000000010443781 
0.9865670643724309 
0.9718572187277267 
0.8633111779312789 
1.0000000000673694 
0.9886371494653418 
0.9876525424964511 
0.9896385292433689 
0.9848979438992713 
0.9959014008664728 
0.9999999785188367 
0.9794340418205358 
0.939781713426956 
0.9981687323772483 
0.9255324573854009 
1.00000000148675 
0.984607087247683 
1.000000000212351 
0.9667435075547425 
0.9956611760234606 
0.9999999964438109 
1.0 
0.9759022457657756 
0.9995525261009898 
0.9999999319793084 
0.9409447543630163 
0.9898771496558861 
0.9999999961818847 
0.9999999318217813 
0.9842197360567926 
0.9999999466616096 
0.9974080371351958 
0.9999999922634369 
0.9609748165420239 
0.9944365721563102 
0.975182630039751 
0.9881628390149128 
0.9999999925123144 
0.9822978970525796 
0.999999983679444 
0.9999999999999998 
0.9662705629086523 
0.999999994325273 
1.0000000007031968 
0.9806089599731233 
0.8290727066377936 
0.9768653301762198 
0.962349820249931 
0.9753601043682513 
1.0 
1.0000000025990763 
0.9945238455594037 
0.9978600168064877 
0.9878691110798486 
0.9718843367527661 
0.9801209293852945 
